Time	SegmentThrp	EstimateThrp	Bitrate	Buffer	Data	RTT	DataTm	DelayTm
1.7	3062.426384	0.000000	2600	16.2	634	0.033	1.665	0.000	
3.8	2514.405448	3062.426384	2400	16.1	1220	0.036	1.873	0.200	
5.1	3352.891869	2514.405448	2000	16.8	1708	0.035	1.158	0.100	
7.3	3235.294118	3352.891869	2200	16.6	2246	0.034	1.326	0.800	
9.3	3319.502075	3235.294118	2400	16.6	2832	0.034	1.412	0.600	
11.5	3268.384664	3319.502075	2600	16.4	3466	0.035	1.556	0.600	
13.5	3346.203346	3268.384664	2600	16.4	4101	0.035	1.519	0.400	
15.5	3262.233375	3346.203346	2600	16.4	4736	0.035	1.559	0.400	
17.5	3316.326531	3262.233375	2600	16.4	5371	0.034	1.534	0.400	
19.5	3268.384664	3316.326531	2600	16.4	6005	0.035	1.556	0.400	
21.4	3318.442884	3268.384664	2600	16.5	6640	0.035	1.532	0.400	
23.4	3322.683706	3318.442884	2600	16.5	7275	0.034	1.531	0.400	
25.5	3299.492386	3322.683706	2600	16.4	7910	0.036	1.540	0.500	
27.7	2869.757174	3299.492386	2600	16.2	8544	0.034	1.778	0.400	
29.7	2443.087174	2869.757174	2200	16.2	9082	0.035	1.766	0.200	
31.3	2698.650675	2443.087174	1800	16.6	9521	0.034	1.300	0.200	
33.3	2766.251729	2698.650675	2000	16.6	10009	0.035	1.411	0.600	
35.4	3049.203049	2766.251729	2200	16.5	10546	0.036	1.407	0.600	
37.3	3271.983640	3049.203049	2400	16.6	11132	0.034	1.433	0.500	
39.5	3291.139241	3271.983640	2600	16.4	11767	0.034	1.546	0.600	
41.5	3301.587302	3291.139241	2600	16.4	12402	0.035	1.540	0.400	
43.5	3282.828283	3301.587302	2600	16.4	13037	0.035	1.549	0.400	
45.5	3339.755941	3282.828283	2600	16.4	13671	0.036	1.521	0.400	
47.4	3329.065301	3339.755941	2600	16.5	14306	0.033	1.529	0.400	
49.5	3235.843186	3329.065301	2600	16.4	14941	0.035	1.572	0.500	
51.4	3387.438250	3235.843186	2400	16.5	15527	0.035	1.382	0.400	
53.4	3320.561941	3387.438250	2600	16.5	16162	0.032	1.534	0.500	
55.5	3303.684879	3320.561941	2600	16.4	16796	0.034	1.540	0.500	
57.5	3299.492386	3303.684879	2600	16.4	17431	0.034	1.542	0.400	
59.5	3322.683706	3299.492386	2600	16.4	18066	0.035	1.530	0.400	
61.5	3303.684879	3322.683706	2600	16.4	18701	0.034	1.540	0.400	
63.7	2884.082085	3303.684879	2600	16.2	19335	0.035	1.768	0.400	
65.6	2534.562212	2884.082085	2200	16.3	19873	0.036	1.700	0.200	
67.5	2557.544757	2534.562212	2000	16.4	20361	0.035	1.529	0.300	
69.8	2109.704641	2557.544757	2000	16.1	20849	0.038	1.858	0.400	
71.3	2222.222222	2109.704641	1600	16.6	21240	0.036	1.404	0.100	
73.4	2101.116218	2222.222222	1600	16.5	21630	0.036	1.487	0.600	
75.5	1895.734597	2101.116218	1600	16.4	22021	0.036	1.652	0.400	
77.6	1729.462631	1895.734597	1400	16.3	22363	0.038	1.581	0.400	
78.9	2341.463415	1729.462631	1200	17.0	22656	0.035	0.990	0.300	
81.0	2488.888889	2341.463415	1400	16.9	22998	0.035	1.090	1.000	
83.2	2605.863192	2488.888889	1600	16.7	23388	0.036	1.192	0.900	
85.6	2142.857143	2605.863192	1800	16.3	23828	0.035	1.645	0.700	
89.1	980.392157	2142.857143	1600	14.8	24218	0.039	3.225	0.300	
91.4	533.570476	980.392157	600	14.5	24365	0.055	2.194	0.000	
93.3	427.122264	533.570476	400	14.6	24462	0.050	1.823	0.000	
94.8	260.586319	427.122264	200	15.1	24511	0.106	1.429	0.000	
96.6	217.037439	260.586319	200	15.3	24560	0.078	1.765	0.000	
97.7	366.300366	217.037439	200	16.2	24609	0.122	0.970	0.000	
98.7	481.347774	366.300366	200	17.2	24658	0.058	0.773	0.100	
100.2	1498.127341	481.347774	200	17.7	24707	0.039	0.228	1.200	
102.6	1185.185185	1498.127341	400	17.3	24804	0.040	0.635	1.700	
105.2	904.295403	1185.185185	600	16.7	24951	0.045	1.282	1.300	
107.2	965.406275	904.295403	600	16.7	25097	0.044	1.199	0.700	
109.1	960.768615	965.406275	600	16.8	25244	0.044	1.205	0.700	
111.4	828.157350	960.768615	600	16.5	25390	0.046	1.403	0.800	
113.2	927.357032	828.157350	600	16.7	25537	0.044	1.250	0.500	
115.4	814.111262	927.357032	600	16.5	25683	0.047	1.427	0.700	
117.1	988.467875	814.111262	600	16.8	25830	0.044	1.170	0.500	
119.0	1074.306177	988.467875	600	16.9	25976	0.043	1.074	0.800	
121.6	951.814396	1074.306177	800	16.3	26171	0.041	1.640	0.900	
124.5	459.242250	951.814396	600	15.4	26318	0.060	2.553	0.300	
125.1	631.911532	459.242250	200	16.8	26367	0.056	0.577	0.000	
127.1	665.557404	631.911532	400	16.8	26464	0.050	1.152	0.700	
129.4	524.934383	665.557404	400	16.5	26562	0.056	1.468	0.800	
131.6	469.208211	524.934383	400	16.3	26660	0.059	1.646	0.500	
132.5	693.240901	469.208211	200	17.4	26708	0.048	0.529	0.300	
134.9	799.200799	693.240901	400	17.0	26806	0.046	0.955	1.400	
137.8	639.318061	799.200799	600	16.1	26953	0.053	1.824	1.000	
139.2	631.412786	639.318061	400	16.7	27050	0.051	1.216	0.100	
141.0	702.370500	631.412786	400	16.9	27148	0.048	1.091	0.700	
143.0	716.845878	702.370500	400	16.9	27246	0.049	1.067	0.900	
144.9	801.603206	716.845878	400	17.0	27343	0.047	0.951	0.900	
148.2	535.714286	801.603206	600	15.7	27490	0.052	2.188	1.000	
149.9	476.474092	535.714286	400	16.0	27587	0.059	1.620	0.000	
150.8	423.280423	476.474092	200	17.1	27636	0.063	0.882	0.000	
152.7	517.464424	423.280423	200	17.2	27685	0.055	0.718	1.100	
155.7	442.233278	517.464424	400	16.2	27783	0.057	1.752	1.200	
156.6	569.800570	442.233278	200	17.3	27832	0.055	0.647	0.200	
158.6	1118.881119	569.800570	400	17.3	27929	0.043	0.672	1.300	
160.7	1388.888889	1118.881119	600	17.2	28076	0.041	0.823	1.200	
163.1	1325.600663	1388.888889	800	16.8	28271	0.041	1.166	1.200	
165.1	1777.777778	1325.600663	1000	16.8	28515	0.039	1.086	0.800	
167.1	1976.935750	1777.777778	1200	16.8	28808	0.037	1.177	0.800	
168.9	2676.864245	1976.935750	1400	17.0	29150	0.035	1.011	0.800	
171.3	2368.615840	2676.864245	1600	16.6	29541	0.035	1.316	1.000	
173.4	2325.581395	2368.615840	1800	16.5	29980	0.036	1.512	0.600	
175.5	2220.851326	2325.581395	1800	16.4	30419	0.036	1.585	0.400	
177.7	1743.869210	2220.851326	1600	16.2	30810	0.040	1.795	0.400	
179.0	2148.612355	1743.869210	1200	16.9	31103	0.038	1.079	0.200	
181.1	2417.962003	2148.612355	1400	16.8	31445	0.037	1.121	0.900	
183.1	2578.565673	2417.962003	1600	16.7	31835	0.035	1.206	0.800	
185.1	2779.922780	2578.565673	1800	16.7	32275	0.035	1.260	0.700	
187.5	2484.472050	2779.922780	2000	16.4	32763	0.036	1.574	0.700	
189.4	2356.020942	2484.472050	1800	16.5	33203	0.037	1.491	0.400	
191.4	2443.991853	2356.020942	1800	16.5	33642	0.035	1.438	0.500	
193.2	2641.232575	2443.991853	1800	16.7	34082	0.036	1.327	0.500	
195.2	2881.844380	2641.232575	2000	16.7	34570	0.035	1.353	0.600	
197.9	2213.279678	2881.844380	2200	16.0	35107	0.037	1.951	0.700	
199.3	2442.748092	2213.279678	1600	16.6	35498	0.035	1.275	0.000	
201.5	2192.448234	2442.748092	1800	16.4	35937	0.036	1.606	0.600	
203.9	1586.514626	2192.448234	1600	16.0	36328	0.040	1.977	0.400	
205.9	1201.201201	1586.514626	1200	16.0	36621	0.042	1.956	0.000	
207.1	1366.353544	1201.201201	800	16.8	36816	0.042	1.129	0.000	
209.0	1923.076923	1366.353544	1000	16.9	37060	0.036	1.004	0.800	
211.1	1901.743265	1923.076923	1200	16.8	37353	0.038	1.224	0.900	
213.4	1891.891892	1901.743265	1400	16.5	37695	0.035	1.445	0.800	
215.4	1902.173913	1891.891892	1400	16.5	38037	0.038	1.434	0.500	
217.5	1729.462631	1902.173913	1400	16.4	38378	0.039	1.580	0.500	
219.5	1560.468140	1729.462631	1200	16.4	38671	0.040	1.498	0.400	
221.3	1643.835616	1560.468140	1200	16.6	38964	0.038	1.422	0.400	
223.3	1726.618705	1643.835616	1200	16.6	39257	0.038	1.352	0.600	
225.3	1717.967072	1726.618705	1200	16.6	39550	0.039	1.358	0.600	
227.4	1679.496151	1717.967072	1200	16.5	39843	0.039	1.390	0.600	
229.5	1489.757914	1679.496151	1200	16.4	40136	0.041	1.570	0.500	
231.3	1425.516750	1489.757914	1000	16.6	40380	0.039	1.364	0.400	
233.5	1218.769043	1425.516750	1000	16.4	40625	0.040	1.601	0.600	
236.3	665.834374	1218.769043	800	15.5	40820	0.046	2.357	0.400	
238.0	499.687695	665.834374	400	15.9	40917	0.064	1.537	0.000	
238.7	539.811066	499.687695	200	17.2	40966	0.054	0.687	0.000	
241.9	400.200100	539.811066	400	16.0	41064	0.068	1.931	1.200	
242.8	466.200466	400.200100	200	17.1	41113	0.059	0.799	0.000	
244.8	421.052632	466.200466	200	17.1	41162	0.062	0.888	1.100	
247.3	293.255132	421.052632	200	16.6	41210	0.075	1.289	1.100	
249.3	285.103350	293.255132	200	16.6	41259	0.075	1.328	0.600	
251.1	343.053173	285.103350	200	16.8	41308	0.079	1.087	0.600	
252.4	715.563506	343.053173	200	17.4	41357	0.049	0.510	0.800	
255.2	587.371512	715.563506	400	16.7	41455	0.054	1.308	1.400	
257.9	410.888546	587.371512	400	16.0	41552	0.079	1.868	0.700	
258.4	811.359026	410.888546	200	17.5	41601	0.047	0.446	0.000	
260.6	1051.248357	811.359026	400	17.3	41699	0.043	0.718	1.500	
263.5	770.712909	1051.248357	600	16.4	41845	0.047	1.510	1.300	
265.8	631.578947	770.712909	600	16.1	41992	0.050	1.850	0.400	
267.0	709.849157	631.578947	400	16.9	42089	0.050	1.077	0.100	
268.9	788.177340	709.849157	400	17.0	42187	0.047	0.968	0.800	
271.6	676.056338	788.177340	600	16.3	42333	0.049	1.726	1.000	
273.8	405.473898	676.056338	400	16.1	42431	0.069	1.904	0.200	
274.7	550.206327	405.473898	200	17.2	42480	0.054	0.673	0.100	
276.9	765.550239	550.206327	400	17.0	42578	0.048	0.997	1.200	
278.8	1359.003398	765.550239	600	17.1	42724	0.039	0.844	1.000	
280.7	1960.784314	1359.003398	800	17.2	42919	0.038	0.778	1.100	
283.2	1558.846454	1960.784314	1000	16.7	43164	0.039	1.244	1.200	
285.4	1574.803150	1558.846454	1200	16.5	43457	0.039	1.485	0.700	
287.0	2067.183463	1574.803150	1200	16.9	43750	0.037	1.124	0.400	
289.8	1458.333333	2067.183463	1400	16.1	44091	0.039	1.881	0.900	
291.2	1511.715797	1458.333333	1000	16.7	44335	0.041	1.282	0.000	
293.2	1804.511278	1511.715797	1200	16.7	44628	0.039	1.291	0.700	
295.3	1977.401130	1804.511278	1400	16.6	44970	0.036	1.380	0.700	
297.3	2106.847254	1977.401130	1400	16.6	45312	0.037	1.292	0.600	
299.6	1853.997683	2106.847254	1600	16.3	45703	0.038	1.688	0.600	
301.0	2524.797115	1853.997683	1400	16.9	46044	0.035	1.074	0.300	
303.4	2199.312715	2524.797115	1600	16.5	46435	0.036	1.419	0.900	
305.6	1910.447761	2199.312715	1600	16.3	46826	0.038	1.637	0.500	
307.3	1959.412176	1910.447761	1400	16.6	47167	0.036	1.393	0.300	
309.2	2208.201893	1959.412176	1400	16.7	47509	0.037	1.231	0.600	
311.0	2852.049911	2208.201893	1600	16.9	47900	0.034	1.088	0.700	
313.1	2922.077922	2852.049911	1800	16.8	48339	0.035	1.197	0.900	
315.2	3259.983700	2922.077922	2000	16.7	48828	0.033	1.194	0.800	
317.3	2999.318337	3259.983700	2200	16.6	49365	0.035	1.432	0.700	
321.9	1087.762670	2999.318337	2200	14.0	49902	0.038	4.007	0.500	
322.7	2030.456853	1087.762670	800	15.2	50097	0.036	0.752	0.000	
323.4	2762.430939	2030.456853	1000	16.5	50341	0.037	0.687	0.000	
324.7	3011.292346	2762.430939	1200	17.2	50634	0.035	0.762	0.500	
327.2	2225.755167	3011.292346	1400	16.7	50976	0.036	1.222	1.200	
330.0	1518.747034	2225.755167	1600	15.9	51367	0.039	2.068	0.700	
331.3	1825.095057	1518.747034	1200	16.6	51660	0.038	1.277	0.000	
333.1	2488.888889	1825.095057	1400	16.8	52001	0.035	1.090	0.600	
336.9	1048.836447	2488.888889	1600	15.0	52392	0.043	3.008	0.800	
337.7	2010.050251	1048.836447	800	16.2	52587	0.037	0.759	0.000	
338.8	2219.755827	2010.050251	1000	17.1	52832	0.036	0.865	0.200	
341.1	1973.684211	2219.755827	1200	16.8	53125	0.037	1.179	1.100	
343.3	2005.730659	1973.684211	1400	16.6	53466	0.037	1.359	0.700	
346.0	1527.446301	2005.730659	1600	15.9	53857	0.039	2.056	0.600	
348.2	1063.829787	1527.446301	1200	15.7	54150	0.042	2.214	0.000	
349.8	1020.408163	1063.829787	800	16.1	54345	0.041	1.527	0.000	
351.9	791.295747	1020.408163	800	16.0	54541	0.063	1.959	0.100	
352.5	2003.338898	791.295747	600	17.4	54687	0.038	0.561	0.000	
354.4	3312.629400	2003.338898	800	17.5	54882	0.034	0.449	1.400	
356.7	2617.801047	3312.629400	1000	17.2	55126	0.035	0.729	1.500	
358.5	3896.103896	2617.801047	1200	17.4	55419	0.033	0.583	1.200	
360.6	4129.793510	3896.103896	1400	17.3	55761	0.033	0.645	1.400	
362.7	4030.226700	4129.793510	1600	17.2	56152	0.033	0.761	1.300	
364.7	4255.319149	4030.226700	1800	17.2	56591	0.034	0.812	1.200	
366.9	3748.828491	4255.319149	2000	17.0	57080	0.034	1.033	1.100	
374.3	694.006309	3748.828491	2200	11.6	57617	0.039	6.301	1.000	
375.4	684.931507	694.006309	400	12.5	57714	0.051	1.117	0.000	
376.4	881.057269	684.931507	400	13.5	57812	0.048	0.860	0.000	
377.4	1156.069364	881.057269	600	14.5	57958	0.045	0.993	0.000	
378.7	1243.201243	1156.069364	800	15.2	58154	0.041	1.246	0.000	
380.5	877.674163	1243.201243	800	15.4	58349	0.041	1.782	0.000	
382.3	667.779633	877.674163	600	15.6	58496	0.053	1.744	0.000	
383.0	1199.400300	667.779633	400	16.9	58593	0.042	0.625	0.000	
384.4	2242.990654	1199.400300	600	17.5	58740	0.036	0.499	0.900	
386.6	2496.099844	2242.990654	800	17.3	58935	0.035	0.606	1.500	
389.1	1727.115717	2496.099844	1000	16.8	59179	0.039	1.119	1.300	
392.2	1019.974501	1727.115717	1200	15.7	59472	0.039	2.314	0.800	
394.6	682.885190	1019.974501	800	15.3	59667	0.085	2.258	0.000	
395.3	1069.518717	682.885190	400	16.6	59765	0.042	0.706	0.000	
396.7	1501.877347	1069.518717	600	17.2	59912	0.041	0.758	0.600	
399.0	1473.296501	1501.877347	800	16.9	60107	0.039	1.047	1.200	
401.0	1892.147588	1473.296501	1000	16.9	60351	0.036	1.021	0.900	
403.2	1879.404855	1892.147588	1200	16.7	60644	0.036	1.241	0.900	
406.6	1040.118871	1879.404855	1400	15.3	60986	0.040	2.652	0.700	
409.4	568.181818	1040.118871	800	14.5	61181	0.064	2.752	0.000	
409.9	1702.127660	568.181818	400	16.0	61279	0.039	0.431	0.000	
410.3	2919.708029	1702.127660	600	17.6	61425	0.034	0.377	0.000	
412.4	2882.882883	2919.708029	800	17.5	61621	0.034	0.521	1.600	
414.6	3021.148036	2882.882883	1000	17.3	61865	0.036	0.626	1.500	
416.7	2895.054282	3021.148036	1200	17.2	62158	0.034	0.795	1.300	
418.7	3174.603175	2895.054282	1400	17.2	62500	0.033	0.849	1.100	
