1.0	3575
2.0	3576
3.0	3780
4.0	2785
5.0	2875
6.0	3895
7.0	3909
8.0	3866
9.0	3820
10.0	3833
11.0	3911
12.0	3891
13.0	3787
14.0	3890
15.0	3915
16.0	3820
17.0	3870
18.0	3886
19.0	3849
20.0	3816
21.0	3886
22.0	3868
23.0	3874
24.0	3923
25.0	3786
26.0	3819
27.0	3894
28.0	3532
29.0	3041
30.0	2728
31.0	2756
32.0	3035
33.0	3095
34.0	3142
35.0	3269
36.0	3511
37.0	3768
38.0	3846
39.0	3724
40.0	3824
41.0	3919
42.0	3843
43.0	3872
44.0	3806
45.0	3834
46.0	3904
47.0	3888
48.0	3865
49.0	3895
50.0	3803
51.0	3708
52.0	3942
53.0	3997
54.0	3874
55.0	3840
56.0	3846
57.0	3868
58.0	3829
59.0	3856
60.0	3825
61.0	3952
62.0	3898
63.0	3772
64.0	3559
65.0	3009
66.0	2843
67.0	2884
68.0	3025
69.0	2747
70.0	2281
71.0	2439
72.0	2548
73.0	2398
74.0	2445
75.0	2210
76.0	2113
77.0	2079
78.0	1739
79.0	2093
80.0	2682
81.0	2947
82.0	2943
83.0	2558
84.0	2983
85.0	3116
86.0	2620
87.0	2119
88.0	1520
89.0	1072
90.0	702
91.0	552
92.0	492
93.0	686
94.0	438
95.0	195
96.0	306
97.0	217
98.0	214
99.0	413
100.0	518
101.0	1311
102.0	1895
103.0	1485
104.0	1346
105.0	1401
106.0	1016
107.0	903
108.0	1026
109.0	1143
110.0	1091
111.0	904
112.0	910
113.0	869
114.0	1009
115.0	968
116.0	828
117.0	968
118.0	1055
119.0	1114
120.0	1155
121.0	1201
122.0	1220
123.0	823
124.0	484
125.0	426
126.0	548
127.0	787
128.0	731
129.0	609
130.0	566
131.0	542
132.0	490
133.0	496
134.0	759
135.0	992
136.0	884
137.0	656
138.0	653
139.0	711
140.0	664
141.0	682
142.0	752
143.0	782
144.0	775
145.0	857
146.0	881
147.0	805
148.0	653
149.0	501
150.0	518
151.0	483
152.0	455
153.0	513
154.0	572
155.0	647
156.0	530
157.0	402
158.0	619
159.0	928
160.0	1267
161.0	1483
162.0	1575
163.0	1437
164.0	1392
165.0	1729
166.0	1980
167.0	2020
168.0	2079
169.0	2797
170.0	3169
171.0	2570
172.0	2657
173.0	2802
174.0	2605
175.0	2642
176.0	2556
177.0	2397
178.0	1869
179.0	1978
180.0	2393
181.0	2442
182.0	2756
183.0	2875
184.0	2946
185.0	3101
186.0	3177
187.0	3273
188.0	2957
189.0	2616
190.0	2647
191.0	2691
192.0	2736
193.0	2831
194.0	2989
195.0	3106
196.0	3294
197.0	3434
198.0	2685
199.0	2306
200.0	2743
201.0	2825
202.0	2562
203.0	2317
204.0	1933
205.0	1570
206.0	1482
207.0	1120
208.0	1354
209.0	2015
210.0	2161
211.0	2149
212.0	2144
213.0	2109
214.0	2109
215.0	2125
216.0	2115
217.0	2093
218.0	1980
219.0	1791
220.0	1704
221.0	1747
222.0	1799
223.0	1868
224.0	1915
225.0	1921
226.0	1940
227.0	1858
228.0	1862
229.0	1862
230.0	1700
231.0	1548
232.0	1525
233.0	1643
234.0	1450
235.0	1157
236.0	974
237.0	618
238.0	408
239.0	560
240.0	584
241.0	373
242.0	371
243.0	448
244.0	502
245.0	512
246.0	460
247.0	350
248.0	308
249.0	332
250.0	314
251.0	267
252.0	291
253.0	612
254.0	787
255.0	700
256.0	641
257.0	594
258.0	291
259.0	534
260.0	931
261.0	928
262.0	1184
263.0	1032
264.0	823
265.0	840
266.0	723
267.0	619
268.0	724
269.0	887
270.0	857
271.0	833
272.0	784
273.0	656
274.0	367
275.0	499
276.0	610
277.0	485
278.0	800
279.0	1197
280.0	1535
281.0	1954
282.0	2281
283.0	2340
284.0	1891
285.0	1430
286.0	1623
287.0	1908
288.0	2275
289.0	2713
290.0	2076
291.0	1202
292.0	1481
293.0	2157
294.0	2095
295.0	1717
296.0	2175
297.0	2251
298.0	2281
299.0	2508
300.0	1890
301.0	2257
302.0	2929
303.0	2626
304.0	2525
305.0	2457
306.0	2173
307.0	2058
308.0	2157
309.0	2208
310.0	2337
311.0	2877
312.0	3369
313.0	3165
314.0	3259
315.0	3809
316.0	3951
317.0	3690
318.0	3796
319.0	2958
320.0	1502
321.0	954
322.0	851
323.0	1278
324.0	2323
325.0	3345
326.0	3590
327.0	3225
328.0	2649
329.0	2242
330.0	1705
331.0	1600
332.0	1880
333.0	2258
334.0	2916
335.0	2456
336.0	1155
337.0	741
338.0	1438
339.0	2296
340.0	2504
341.0	2364
342.0	2228
343.0	2341
344.0	2325
345.0	2010
346.0	1780
347.0	1598
348.0	1224
349.0	1027
350.0	1211
351.0	1036
352.0	442
353.0	1130
354.0	2318
355.0	3092
356.0	4230
357.0	4058
358.0	3142
359.0	3926
360.0	5035
361.0	5189
362.0	5363
363.0	5121
364.0	5140
365.0	5596
366.0	5359
367.0	4914
368.0	4649
369.0	3588
370.0	1889
371.0	767
372.0	191
373.0	23
374.0	589
375.0	876
376.0	648
377.0	804
378.0	1051
379.0	1432
380.0	1324
381.0	1102
382.0	624
383.0	504
384.0	1151
385.0	1804
386.0	2610
387.0	3208
388.0	3015
389.0	2199
390.0	1958
391.0	1949
392.0	1630
393.0	905
394.0	252
395.0	712
396.0	1133
397.0	1179
398.0	1689
399.0	1819
400.0	1634
401.0	1749
402.0	2109
403.0	2522
404.0	2211
405.0	1797
406.0	1683
407.0	1097
408.0	423
409.0	274
410.0	327
411.0	1805
412.0	3545
413.0	3617
414.0	3570
415.0	3686
416.0	3729
417.0	3722
418.0	3511
419.0	3613
420.0	3866
